00001 1951	14.04         -9.44
00001 1953	20.63         39.86
00001 1955	15.32         24.25
00001 1957	14.84         37.05
00001 1959	20.4         -5.03
00001 1960	25.25         13.22
00001 1962	10.84         34.24
00001 1964	8.04         45.07
00001 1966	19.81         0.36
00001 1968	12.08         5.55
00001 1971	17.77         26.31
00001 1973	22.03         24.29
00001 1975	14.85         49.18
00001 1977	14.23         15.1
00001 1979	17.27         21.79
00001 1980	11.09         -6.33
00001 1982	4.67         39.57
00001 1984	13.43         14.35
00001 1986	14.31         21.97
00001 1988	12.34         47.14
00001 1991	7.06         61.14
00001 1993	18.72         10.19
00001 1995	16.83         29.31
00001 1999	19.21         35.27
00001 2002	13.93         7.82
00001 2004	20.52         24.21
00001 2006	12.98         4.57
00001 2008	21.81         25.39
00003 1951	19.03         81.85
00003 1953	9.8         2.66
00003 1955	0.86         26.19
00003 1959	13.8         70.18
00003 1960	27.36         82.9
00003 1962	17.6         66.77
00003 1964	26.78         -2.34
00003 1966	13.43         72.57
00003 1968	18.41         -15.97
00003 1971	13.11         17.76
00003 1973	14.61         58.6
00003 1975	7.34         24.33
00003 1977	22.52         31.91
00003 1979	14.71         3.88
00003 1980	17.66         32.27
00003 1982	15.63         1.87
00003 1984	15.75         6.0
00003 1986	11.98         49.95
00003 1988	16.18         46.54
00003 1991	16.94         94.55
00003 1993	23.52         43.22
00003 1995	12.57         14.31
00003 1997	10.02         26.71
00003 1999	12.28         78.04
00003 2000	14.11         -36.37
00003 2002	17.26         28.13
00003 2004	8.16         49.94
00003 2006	13.6         8.21
00003 2008	5.38         17.11
00004 1950	22.38         46.33
00004 1952	24.59         40.02
00004 1954	18.74         17.7
00004 1956	1.86         -38.99
00004 1961	23.16         92.43
00004 1963	17.03         58.15
00004 1965	16.43         25.55
00004 1967	24.32         82.41
00004 1969	22.28         21.03
00004 1970	4.46         20.8
00004 1972	21.3         -9.47
00004 1974	25.0         -0.52
00004 1976	2.48         17.25
00004 1978	4.0         19.51
00004 1981	12.42         48.75
00004 1983	6.51         -20.98
00004 1985	8.67         3.81
00004 1987	5.29         -20.87
00004 1989	7.56         -13.83
00004 1992	10.25         56.52
00004 1994	21.13         18.01
00004 1996	9.78         38.62
00004 1998	17.6         41.88
00004 2001	20.06         -10.99
00004 2003	4.82         27.17
00004 2005	8.0         -9.01
00004 2007	10.99         28.13
00004 2009	23.82         88.7
00005 1951	11.87         36.35
00005 1953	20.15         11.49
00005 1955	13.21         38.2
00005 1957	10.55         52.05
00005 1959	11.49         44.13
00005 1960	16.47         2.29
00005 1962	17.81         49.01
00005 1964	14.5         22.69
00005 1966	15.74         27.49
00005 1968	24.13         15.59
00005 1971	20.63         39.66
00005 1973	22.16         21.86
00005 1975	17.79         42.07
00005 1977	12.67         19.65
00005 1979	18.41         15.37
00005 1980	13.25         46.34
00005 1982	10.95         50.19
00005 1984	16.45         22.62
00005 1986	9.35         15.06
00005 1988	19.14         35.47
00005 1991	14.58         12.06
00005 1993	15.88         27.23
00005 1995	13.99         26.22
00005 1997	12.76         34.37
00005 1999	17.72         13.77
00005 2000	16.86         43.74
00005 2002	18.21         32.64
00005 2004	13.0         8.71
00005 2006	11.42         27.64
00005 2008	17.32         24.14
00006 1950	19.5         35.04
00006 1952	17.23         18.05
00006 1954	17.79         21.28
00006 1956	10.16         19.76
00006 1958	10.92         36.12
00006 1961	8.91         30.51
00006 1963	12.37         34.82
00006 1965	15.07         14.04
00006 1967	18.05         23.75
00006 1969	13.29         32.83
00006 1970	12.48         55.66
00006 1972	8.82         20.12
00006 1974	15.7         25.68
00006 1976	15.3         15.51
00006 1978	15.53         36.93
00006 1981	14.07         35.39
00006 1983	13.09         38.49
00006 1985	15.62         62.36
00006 1987	15.62         28.21
00006 1989	10.89         15.06
00006 1990	14.05         32.23
00006 1992	17.57         18.8
00006 1994	8.47         30.53
00006 1996	19.98         61.78
00006 1998	10.52         37.39
00006 2001	9.62         -1.62
00006 2003	15.01         7.67
00006 2005	14.24         31.81
00006 2007	17.75         25.6
00006 2009	11.64         37.47
00007 1951	9.54         23.07
00007 1953	15.54         65.08
00007 1955	13.66         28.11
00007 1957	10.71         55.08
00007 1959	19.68         38.03
00007 1960	19.54         50.81
00007 1962	11.31         37.04
00007 1964	4.13         54.05
00007 1966	13.54         34.0
00007 1968	10.89         36.72
00007 1971	14.01         31.4
00007 1973	18.83         17.17
00007 1975	25.73         20.6
00007 1977	20.85         63.27
00007 1979	9.15         5.16
00007 1980	10.61         24.91
00007 1982	8.73         -3.03
00007 1984	13.96         5.22
00007 1986	19.92         35.0
00007 1988	17.13         58.79
00007 1991	17.11         39.23
00007 1993	15.39         22.64
00007 1995	16.66         -1.7
00007 1997	13.65         16.95
00007 1999	9.35         73.43
00007 2000	21.59         11.71
00007 2002	20.94         63.69
00007 2004	18.38         26.35
00007 2006	22.12         61.18
00007 2008	15.22         37.19
00008 1950	27.03         -14.15
00008 1952	13.18         13.56
00008 1954	6.34         11.5
00008 1958	17.75         33.97
00008 1961	12.05         29.55
00008 1963	16.86         34.75
00008 1965	13.38         21.69
00008 1967	22.43         62.13
00008 1969	18.57         41.71
00008 1970	11.93         74.15
00008 1972	10.35         -36.29
00008 1974	14.07         -20.74
00008 1976	25.16         50.61
00008 1978	14.2         25.52
00008 1981	16.53         33.4
00008 1983	16.38         72.54
00008 1985	14.4         -2.97
00008 1987	14.65         8.35
00008 1989	14.71         -15.09
00008 1990	14.19         26.78
00008 1992	16.77         17.61
00008 1994	16.99         33.7
00008 1996	11.31         43.54
00008 1998	17.99         34.45
00008 2001	13.51         37.35
00008 2003	12.17         43.36
00008 2005	15.18         9.7
00008 2007	18.8         40.71
00008 2009	14.71         29.4
00009 1951	17.12         20.95
00009 1953	14.0         49.7
00009 1955	12.7         35.89
00009 1957	16.63         21.16
00009 1959	14.32         29.13
00009 1960	9.79         33.2
00009 1962	17.48         29.13
00009 1964	10.67         35.67
00009 1966	14.95         43.94
00009 1968	13.9         34.78
00009 1971	15.38         20.28
00009 1973	13.92         27.49
00009 1975	15.05         36.15
00009 1977	14.91         24.39
00009 1979	17.68         53.69
00009 1980	16.75         19.81
00009 1982	16.37         25.65
00009 1984	15.19         18.57
00009 1986	14.99         40.57
00009 1988	13.75         26.2
00009 1991	15.21         44.92
00009 1993	16.76         39.26
00009 1995	17.66         40.7
00009 1997	13.75         8.85
00009 1999	15.23         33.38
00009 2000	11.28         41.36
00009 2002	12.7         32.44
00009 2004	12.71         31.19
00009 2006	13.77         25.01
00009 2008	16.38         23.4
00010 1951	17.57         17.24
00010 1953	11.81         24.38
00010 1955	16.7         -0.49
00010 1957	21.67         25.02
00010 1959	14.78         35.63
00010 1960	4.98         31.69
00010 1962	14.5         31.26
00010 1964	16.71         17.85
00010 1966	1.31         29.62
00010 1968	26.74         44.17
00010 1971	21.95         95.96
00010 1975	9.29         35.81
00010 1977	9.08         52.5
00010 1979	14.89         10.46
00010 1980	13.28         28.86
00010 1982	16.06         28.45
00010 1984	19.44         50.95
00010 1986	17.9         14.28
00010 1991	14.91         72.63
00010 1993	20.71         71.41
00010 1999	17.36         88.22
00010 2000	26.46         34.08
00010 2002	13.21         9.81
00010 2004	15.81         -1.78
00010 2006	13.24         40.32
00010 2008	23.9         54.45
