00001 1950	9.18         18.29
00001 1952	19.81         7.9
00001 1954	11.21         47.46
00001 1956	16.52         34.18
00001 1958	18.29         50.76
00001 1961	12.54         16.27
00001 1963	16.08         42.72
00001 1965	7.5         41.87
00001 1967	20.33         55.84
00001 1969	14.23         40.98
00001 1970	3.49         62.72
00001 1972	21.02         22.84
00001 1974	17.36         29.57
00001 1976	8.28         49.01
00001 1978	17.59         74.76
00001 1981	15.83         12.18
00001 1983	10.68         40.8
00001 1985	13.03         18.64
00001 1987	20.07         -7.87
00001 1989	13.84         23.36
00001 1990	15.44         23.39
00001 1992	14.01         31.73
00001 1994	21.86         33.55
00001 1996	10.64         42.29
00001 1998	14.74         4.13
00001 2001	18.3         -37.1
00001 2003	18.48         6.48
00001 2005	20.91         42.71
00001 2007	19.59         50.02
00001 2009	15.91         33.53
00003 1950	4.66         44.49
00003 1952	17.97         61.66
00003 1954	18.42         35.34
00003 1956	16.21         6.66
00003 1958	27.03         26.9
00003 1961	28.02         63.72
00003 1963	15.98         52.88
00003 1965	12.25         -3.52
00003 1967	26.98         68.48
00003 1969	11.32         52.91
00003 1970	17.35         12.08
00003 1972	15.48         42.18
00003 1976	15.42         36.01
00003 1978	12.34         38.84
00003 1981	7.46         66.26
00003 1983	5.83         48.09
00003 1987	21.7         51.27
00003 1989	12.89         11.94
00003 1990	18.41         41.93
00003 1992	16.04         28.65
00003 1994	15.99         85.35
00003 1996	9.24         73.89
00003 1998	17.33         -21.54
00003 2001	10.36         58.3
00003 2003	28.0         5.21
00003 2005	18.71         67.72
00003 2007	13.34         -39.22
00003 2009	22.15         34.86
00004 1951	11.76         51.39
00004 1953	15.99         60.3
00004 1955	21.17         60.2
00004 1957	16.15         21.63
00004 1959	16.17         27.16
00004 1960	20.06         -18.14
00004 1962	17.66         44.71
00004 1964	14.69         30.02
00004 1966	0.14         49.82
00004 1968	17.89         26.21
00004 1971	11.64         66.29
00004 1973	3.72         40.31
00004 1975	16.75         17.65
00004 1979	11.32         18.04
00004 1980	11.39         33.32
00004 1982	2.4         52.72
00004 1986	5.74         20.15
00004 1988	0.04         -8.56
00004 1991	19.38         34.37
00004 1993	25.89         46.69
00004 1995	19.77         71.71
00004 1997	15.31         53.23
00004 1999	22.54         19.97
00004 2002	12.83         56.02
00004 2004	8.01         -34.79
00004 2006	13.65         13.91
00004 2008	14.91         27.86
00005 1950	22.76         29.51
00005 1952	18.01         32.66
00005 1954	16.41         35.78
00005 1956	16.48         22.26
00005 1958	12.85         12.03
00005 1961	17.47         43.35
00005 1963	12.49         50.3
00005 1965	15.8         22.77
00005 1967	19.11         41.48
00005 1969	15.07         23.44
00005 1970	17.88         -4.27
00005 1972	9.16         35.08
00005 1974	14.92         21.91
00005 1976	16.79         42.92
00005 1978	17.75         40.85
00005 1981	15.77         69.88
00005 1983	19.45         25.83
00005 1985	13.35         24.24
00005 1987	13.26         28.22
00005 1989	13.17         10.82
00005 1990	15.6         65.16
00005 1992	10.69         53.89
00005 1994	14.28         36.16
00005 1996	20.98         37.49
00005 1998	13.78         39.59
00005 2001	11.82         12.41
00005 2003	16.06         54.87
00005 2005	17.13         30.99
00005 2007	16.59         36.24
00005 2009	18.86         12.93
00006 1951	12.93         46.35
00006 1953	18.2         32.88
00006 1955	13.81         6.7
00006 1957	16.22         32.08
00006 1959	13.55         22.71
00006 1960	16.39         20.63
00006 1962	18.24         27.33
00006 1964	9.42         17.16
00006 1966	16.78         21.33
00006 1968	15.92         8.7
00006 1971	12.72         30.88
00006 1973	15.98         40.26
00006 1975	26.61         -4.56
00006 1977	15.1         49.76
00006 1979	11.01         18.2
00006 1980	17.55         47.8
00006 1982	11.56         37.31
00006 1984	15.96         35.92
00006 1986	21.25         64.74
00006 1988	14.45         33.81
00006 1991	13.42         65.66
00006 1993	14.37         51.71
00006 1995	15.14         26.27
00006 1997	16.68         75.03
00006 1999	20.05         10.65
00006 2000	15.05         30.16
00006 2002	15.27         18.11
00006 2004	21.66         48.04
00006 2006	18.4         46.45
00006 2008	11.93         64.8
00007 1950	12.92         15.58
00007 1952	12.65         58.2
00007 1954	16.59         27.81
00007 1956	17.03         27.92
00007 1958	15.55         29.55
00007 1961	21.03         42.39
00007 1963	8.37         2.76
00007 1965	25.98         97.07
00007 1967	14.23         6.03
00007 1969	24.0         5.78
00007 1970	14.12         41.53
00007 1972	7.55         56.33
00007 1974	13.41         27.82
00007 1976	19.01         51.41
00007 1978	8.43         -11.34
00007 1981	15.72         62.38
00007 1983	14.61         36.73
00007 1985	9.9         2.77
00007 1987	14.3         15.91
00007 1989	14.17         47.62
00007 1990	4.38         43.99
00007 1992	18.25         16.41
00007 1994	18.67         38.32
00007 1996	11.81         57.3
00007 1998	14.31         -1.37
00007 2001	17.42         11.8
00007 2003	11.44         65.57
00007 2005	17.72         -0.37
00007 2007	11.56         3.67
00007 2009	13.41         18.71
00008 1951	20.46         32.03
00008 1953	10.55         26.88
00008 1955	16.99         37.0
00008 1957	16.86         -2.76
00008 1959	19.01         6.55
00008 1960	13.77         28.34
00008 1962	6.83         4.27
00008 1964	10.9         24.48
00008 1966	11.88         5.47
00008 1968	15.52         39.94
00008 1971	15.89         53.77
00008 1973	5.07         6.4
00008 1975	28.31         92.01
00008 1977	11.79         12.19
00008 1979	16.18         28.66
00008 1980	9.01         -9.39
00008 1982	8.85         44.39
00008 1984	11.55         30.46
00008 1986	8.88         27.89
00008 1988	13.01         20.8
00008 1991	18.31         43.98
00008 1993	15.2         38.37
00008 1995	13.97         40.11
00008 1997	13.99         28.22
00008 1999	16.97         33.86
00008 2000	16.85         5.86
00008 2002	7.88         12.81
00008 2004	10.48         10.02
00008 2006	9.26         19.76
00008 2008	13.95         37.9
00009 1950	9.83         27.75
00009 1952	14.63         23.26
00009 1954	7.61         4.78
00009 1956	19.8         40.46
00009 1958	13.68         35.82
00009 1961	17.71         25.15
00009 1963	12.3         14.24
00009 1965	18.89         32.13
00009 1967	17.28         20.66
00009 1969	12.21         31.98
00009 1970	16.18         24.91
00009 1972	18.12         32.16
00009 1974	16.48         30.93
00009 1976	10.64         49.41
00009 1978	10.6         22.53
00009 1981	18.54         27.09
00009 1983	19.28         17.04
00009 1985	15.34         28.73
00009 1987	15.64         11.19
00009 1989	13.48         24.4
00009 1990	15.91         35.34
00009 1992	10.64         24.25
00009 1994	15.76         33.39
00009 1996	16.55         48.21
00009 1998	17.21         19.99
00009 2001	18.39         -4.97
00009 2003	15.62         48.41
00009 2005	8.64         1.72
00009 2007	10.13         49.91
00009 2009	14.32         30.84
00010 1950	5.84         4.8
00010 1952	14.39         31.34
00010 1954	24.72         16.47
00010 1956	15.06         -26.17
00010 1958	14.57         38.59
00010 1961	18.64         71.56
00010 1963	6.38         34.45
00010 1965	17.16         52.53
00010 1967	17.16         39.55
00010 1969	23.95         -3.96
00010 1970	10.1         50.05
00010 1972	19.78         -7.4
00010 1974	17.88         3.73
00010 1976	3.89         68.0
00010 1978	20.64         48.31
00010 1981	27.57         68.18
00010 1983	14.19         72.57
00010 1985	17.65         69.05
00010 1987	16.49         44.04
00010 1989	17.83         -1.67
00010 1990	12.69         55.28
00010 1992	28.97         24.01
00010 1994	14.41         9.71
00010 1998	17.57         18.16
00010 2001	14.63         30.75
00010 2003	18.84         33.65
00010 2005	11.08         12.43
00010 2007	14.98         9.94
00010 2009	20.49         61.16
