00001    1900	89.53               0.73
00001    1902	52.82               0.77
00001    1904	48.37               0.73
00001    1906	97.35               0.77
00001    1908	80.51               0.96
00001    1911	79.49               0.98
00001    1913	35.2               0.97
00001    1915	64.06               0.5
00001    1917	99.55               0.88
00001    1919	87.7               0.78
00001    1920	74.78               0.69
00001    1922	74.9               0.93
00001    1924	96.22               0.7
00001    1926	97.78               0.95
00001    1928	57.37               0.58
00001    1931	68.1               0.89
00001    1933	55.8               0.73
00001    1935	83.32               0.77
00001    1937	97.41               0.92
00001    1939	95.91               0.93
00001    1940	99.41               0.88
00001    1942	77.31               0.85
00001    1944	84.84               0.43
00001    1946	71.85               0.81
00001    1948	43.17               0.68
00001    1951	21.64               0.88
00001    1953	90.49               0.89
00001    1955	92.98               0.93
00001    1957	93.48               0.9
00001    1959	20.99               0.85
00001    1960	44.86               0.73
00001    1962	75.8               0.94
00001    1964	92.44               0.98
00001    1966	89.98               0.46
00001    1968	35.54               0.91
00001    1971	76.46               0.62
00001    1973	86.28               0.94
00001    1975	71.09               0.98
00001    1977	88.59               0.83
00001    1979	97.72               0.56
00001    1980	-6.33               0.64
00001    1982	95.53               0.97
00001    1984	80.27               0.99
00001    1986	96.9               0.99
00001    1988	82.49               0.79
00001    1991	61.14               0.69
00001    1993	52.8               0.65
00001    1995	92.07               0.69
00001    1999	90.68               0.8
00001    2002	65.34               0.87
00001    2004	85.98               0.74
00001    2006	16.28               0.89
00001    2008	83.21               0.54
00003    1900	75.43               0.83
00003    1902	83.61               0.99
00003    1904	95.82               0.6
00003    1906	55.66               0.23
00003    1908	-15.5               0.84
00003    1911	40.3               0.69
00003    1915	64.59               0.86
00003    1917	-26.35               0.83
00003    1919	75.7               0.85
00003    1920	61.58               0.84
00003    1924	99.66               0.57
00003    1926	80.39               0.9
00003    1928	81.48               0.82
00003    1931	57.56               0.87
00003    1933	-37.1               0.88
00003    1937	53.66               0.95
00003    1939	79.5               0.56
00003    1940	33.06               0.27
00003    1942	2.73               0.25
00003    1944	87.31               0.41
00003    1946	97.43               0.14
00003    1948	15.24               0.84
00003    1951	97.68               0.98
00003    1953	87.43               0.93
00003    1955	26.19               0.84
00003    1959	70.18               0.43
00003    1960	94.69               0.34
00003    1962	66.77               0.52
00003    1964	21.34               0.33
00003    1966	72.57               0.66
00003    1968	6.85               0.96
00003    1971	73.89               0.96
00003    1973	92.8               0.66
00003    1975	24.33               0.86
00003    1977	72.84               0.46
00003    1979	74.61               0.8
00003    1980	81.54               0.68
00003    1982	29.56               0.99
00003    1984	47.61               0.99
00003    1986	52.26               0.69
00003    1988	90.02               0.85
00003    1991	94.55               0.68
00003    1993	72.97               0.84
00003    1995	42.49               0.69
00003    1997	60.51               0.84
00003    1999	78.04               0.47
00003    2000	-36.37               0.19
00003    2002	71.88               0.92
00003    2004	99.38               0.89
00003    2006	30.08               0.85
00003    2008	41.55               0.98
00004    1901	93.8               0.35
00004    1903	99.93               0.75
00004    1905	91.04               0.65
00004    1907	-36.63               0.55
00004    1909	58.37               0.84
00004    1910	19.12               0.82
00004    1912	79.7               0.89
00004    1914	38.11               0.66
00004    1916	20.71               0.15
00004    1918	52.28               0.9
00004    1921	42.14               0.4
00004    1923	64.97               0.45
00004    1925	-14.54               0.69
00004    1930	84.89               0.45
00004    1932	74.5               0.72
00004    1934	89.32               0.98
00004    1936	35.62               0.57
00004    1938	0.72               0.88
00004    1941	52.89               0.32
00004    1943	79.44               0.85
00004    1945	60.52               0.24
00004    1949	-25.07               0.44
00004    1950	66.24               0.89
00004    1952	40.02               0.58
00004    1954	94.93               0.88
00004    1956	-38.99               0.91
00004    1961	92.43               0.57
00004    1963	96.4               1.0
00004    1965	55.19               0.86
00004    1967	93.02               0.81
00004    1969	21.03               0.53
00004    1970	74.34               0.69
00004    1972	13.99               0.61
00004    1974	-0.52               0.88
00004    1976	17.25               0.72
00004    1978	49.21               0.72
00004    1981	82.34               0.92
00004    1983	-17.39               0.51
00004    1985	4.26               0.47
00004    1987	-20.87               0.37
00004    1989	-5.42               0.97
00004    1992	92.06               0.2
00004    1994	83.32               0.93
00004    1996	84.84               0.39
00004    1998	90.62               0.23
00004    2001	16.95               0.76
00004    2003	32.97               0.86
00004    2005	19.42               0.62
00004    2007	68.87               0.82
00004    2009	88.7               0.87
00005    1900	66.8               0.92
00005    1902	82.33               0.93
00005    1904	92.45               0.98
00005    1906	45.54               0.45
00005    1908	96.7               0.67
00005    1911	82.1               0.93
00005    1913	98.37               0.98
00005    1915	84.82               0.84
00005    1917	81.99               0.87
00005    1919	79.93               0.7
00005    1920	93.47               0.9
00005    1922	94.65               0.96
00005    1924	30.48               0.79
00005    1926	90.24               0.95
00005    1928	96.97               0.9
00005    1931	34.96               0.84
00005    1933	39.63               0.73
00005    1935	92.85               0.92
00005    1937	92.22               0.88
00005    1939	90.76               0.86
00005    1940	90.59               0.94
00005    1942	97.46               0.92
00005    1944	56.73               0.62
00005    1946	97.02               0.91
00005    1948	88.68               0.58
00005    1951	95.93               0.94
00005    1953	92.7               0.92
00005    1955	93.01               0.45
00005    1957	82.61               0.28
00005    1959	99.7               0.98
00005    1960	78.18               0.98
00005    1962	92.84               0.94
00005    1964	67.12               0.89
00005    1966	81.5               0.83
00005    1968	64.63               0.88
00005    1971	99.75               0.9
00005    1973	87.76               0.99
00005    1975	99.3               0.94
00005    1977	84.9               0.92
00005    1979	89.89               0.7
00005    1980	98.56               0.81
00005    1982	94.92               0.82
00005    1984	74.67               0.94
00005    1986	80.24               0.83
00005    1988	70.8               0.99
00005    1991	66.62               0.92
00005    1993	86.99               0.97
00005    1995	67.78               0.8
00005    1997	98.74               0.83
00005    1999	70.32               0.99
00005    2000	90.42               0.87
00005    2002	34.57               0.19
00005    2004	87.21               0.78
00005    2006	85.1               0.99
00005    2008	87.8               0.9
00006    1901	50.77               0.85
00006    1903	87.21               0.96
00006    1905	90.39               0.98
00006    1907	95.39               0.95
00006    1909	75.94               0.98
00006    1910	99.11               0.98
00006    1912	74.31               0.99
00006    1914	88.16               1.0
00006    1916	83.49               0.76
00006    1918	91.82               0.82
00006    1921	92.89               0.83
00006    1923	87.01               0.95
00006    1925	61.75               0.97
00006    1927	86.82               0.95
00006    1929	86.92               0.87
00006    1930	84.08               0.62
00006    1932	96.62               0.89
00006    1934	75.86               0.77
00006    1936	79.58               0.91
00006    1938	73.3               0.96
00006    1941	84.61               0.9
00006    1943	92.19               0.98
00006    1945	85.53               0.88
00006    1947	89.4               0.84
00006    1949	87.08               0.74
00006    1950	95.19               0.58
00006    1952	76.7               0.95
00006    1954	71.07               0.69
00006    1956	59.88               0.8
00006    1958	90.31               0.86
00006    1961	75.44               0.85
00006    1963	65.93               0.99
00006    1965	69.66               0.95
00006    1967	57.62               0.81
00006    1969	71.45               0.99
00006    1970	91.56               0.59
00006    1972	87.73               0.98
00006    1974	83.46               0.85
00006    1976	94.31               0.93
00006    1978	91.29               0.97
00006    1981	78.6               0.24
00006    1983	84.78               0.98
00006    1985	91.76               0.65
00006    1987	89.84               0.81
00006    1989	96.38               0.89
00006    1990	69.77               0.79
00006    1992	69.7               0.85
00006    1994	95.06               0.95
00006    1996	99.84               0.92
00006    1998	89.11               0.98
00006    2001	24.43               0.92
00006    2003	30.58               0.98
00006    2005	98.5               0.73
00006    2007	96.88               0.97
00006    2009	94.5               0.92
00007    1900	66.64               0.92
00007    1902	20.23               0.9
00007    1904	91.55               0.89
00007    1906	85.14               0.41
00007    1908	42.84               0.78
00007    1911	97.1               0.97
00007    1913	82.96               0.71
00007    1915	69.71               0.95
00007    1917	64.76               0.8
00007    1919	66.7               0.95
00007    1920	81.96               0.95
00007    1922	50.57               0.79
00007    1924	71.18               0.6
00007    1926	98.42               0.95
00007    1928	89.41               0.53
00007    1931	68.1               0.93
00007    1933	99.8               0.82
00007    1935	95.76               0.8
00007    1937	61.07               0.59
00007    1939	35.19               0.22
00007    1940	61.56               0.99
00007    1942	42.04               0.7
00007    1944	51.6               0.98
00007    1946	98.64               0.72
00007    1948	48.7               1.0
00007    1951	46.31               0.59
00007    1953	96.07               0.76
00007    1955	58.86               0.91
00007    1957	91.95               0.88
00007    1959	87.92               0.97
00007    1960	80.71               0.81
00007    1962	69.26               0.96
00007    1964	83.44               0.76
00007    1966	50.29               0.98
00007    1968	80.97               0.51
00007    1971	98.64               0.61
00007    1973	77.93               0.75
00007    1975	95.33               0.9
00007    1977	91.31               0.48
00007    1979	35.99               0.91
00007    1980	81.27               0.91
00007    1982	12.29               0.9
00007    1984	43.76               0.99
00007    1986	76.86               0.69
00007    1988	96.59               0.87
00007    1991	67.65               0.47
00007    1993	88.69               0.8
00007    1995	45.62               0.66
00007    1997	90.06               0.86
00007    1999	73.43               0.44
00007    2000	85.04               0.92
00007    2002	69.27               0.31
00007    2004	74.5               0.98
00007    2006	99.48               0.82
00007    2008	92.18               0.83
00008    1901	71.52               0.79
00008    1903	48.5               0.99
00008    1905	99.05               0.97
00008    1907	95.52               0.87
00008    1909	30.07               0.7
00008    1910	90.56               0.74
00008    1912	96.29               0.9
00008    1914	88.96               0.84
00008    1916	92.43               0.99
00008    1918	81.4               0.82
00008    1921	31.8               0.51
00008    1923	64.23               1.0
00008    1925	-8.0               0.79
00008    1927	89.72               0.79
00008    1929	33.64               0.99
00008    1930	71.5               0.92
00008    1932	66.72               0.98
00008    1934	67.6               0.97
00008    1936	79.25               0.89
00008    1938	98.69               0.92
00008    1941	90.52               0.91
00008    1943	82.25               0.78
00008    1945	87.0               0.92
00008    1947	92.29               0.96
00008    1949	99.1               0.9
00008    1950	26.2               0.61
00008    1952	45.75               0.32
00008    1954	80.27               0.95
00008    1958	74.57               0.87
00008    1961	78.88               1.0
00008    1963	76.63               0.93
00008    1965	59.74               0.94
00008    1967	82.28               0.99
00008    1969	99.59               0.88
00008    1970	93.64               0.86
00008    1972	-36.29               0.56
00008    1974	-10.68               0.92
00008    1976	67.5               0.88
00008    1978	98.9               0.8
00008    1981	77.13               0.86
00008    1983	96.84               0.11
00008    1985	16.65               0.81
00008    1987	81.58               0.87
00008    1989	-11.49               0.7
00008    1990	65.38               0.94
00008    1992	81.12               0.99
00008    1994	57.42               0.69
00008    1996	79.99               0.95
00008    1998	88.17               0.8
00008    2001	60.66               0.91
00008    2003	94.25               0.96
00008    2005	71.47               0.78
00008    2007	63.53               0.23
00008    2009	91.07               0.97
00009    1900	76.36               0.96
00009    1902	98.7               0.97
00009    1904	95.31               0.85
00009    1906	79.39               0.94
00009    1908	52.85               0.59
00009    1911	72.87               0.88
00009    1913	84.2               0.94
00009    1915	93.38               0.82
00009    1917	89.76               1.0
00009    1919	67.76               0.98
00009    1920	85.19               0.77
00009    1922	92.11               0.98
00009    1924	90.91               0.99
00009    1926	95.36               0.94
00009    1928	94.66               0.97
00009    1931	95.97               0.89
00009    1933	73.11               0.73
00009    1935	97.48               0.9
00009    1937	92.55               0.96
00009    1939	75.04               0.86
00009    1940	94.31               0.97
00009    1942	78.78               0.7
00009    1944	82.48               0.95
00009    1946	90.18               0.97
00009    1948	95.04               0.96
00009    1951	75.14               0.91
00009    1953	81.07               0.89
00009    1955	91.94               0.92
00009    1957	84.87               0.94
00009    1959	90.68               0.99
00009    1960	91.1               0.99
00009    1962	85.46               0.95
00009    1964	95.39               0.94
00009    1966	96.86               0.95
00009    1968	76.27               0.94
00009    1971	92.52               0.86
00009    1973	93.42               0.91
00009    1975	99.42               0.99
00009    1977	88.71               0.94
00009    1979	84.56               0.96
00009    1980	91.7               0.87
00009    1982	73.01               0.92
00009    1984	79.19               1.0
00009    1986	93.8               0.88
00009    1988	98.98               0.93
00009    1991	98.26               0.92
00009    1993	97.91               0.86
00009    1995	94.33               0.97
00009    1997	91.48               0.98
00009    1999	73.15               0.74
00009    2000	87.49               0.85
00009    2002	97.17               0.92
00009    2004	97.83               0.94
00009    2006	54.29               0.9
00009    2008	81.94               1.0
00010    1900	44.6               0.96
00010    1902	83.83               0.98
00010    1904	16.81               0.1
00010    1906	80.12               0.77
00010    1908	79.69               0.97
00010    1913	49.13               0.85
00010    1915	93.81               0.81
00010    1917	-18.66               0.59
00010    1919	79.48               0.87
00010    1920	-33.07               0.51
00010    1922	48.13               0.47
00010    1924	12.1               0.67
00010    1926	42.79               0.73
00010    1928	77.11               0.85
00010    1931	67.43               1.0
00010    1933	88.4               0.77
00010    1937	24.04               0.48
00010    1940	68.31               0.38
00010    1942	92.5               0.58
00010    1944	48.46               1.0
00010    1946	-1.09               0.25
00010    1948	70.09               0.91
00010    1951	81.02               0.96
00010    1953	48.88               0.94
00010    1955	6.57               0.45
00010    1957	58.96               0.99
00010    1959	93.44               0.95
00010    1960	75.18               1.0
00010    1962	85.85               0.93
00010    1964	54.18               0.93
00010    1966	29.62               0.62
00010    1968	44.17               0.66
00010    1971	95.96               0.16
00010    1975	59.45               0.97
00010    1977	81.32               0.9
00010    1979	61.26               0.96
00010    1980	94.08               0.71
00010    1982	54.43               0.73
00010    1984	99.1               1.0
00010    1986	57.25               0.76
00010    1991	96.84               0.99
00010    1993	84.02               0.34
00010    1999	97.65               0.7
00010    2000	34.08               0.24
00010    2002	45.73               0.62
00010    2004	14.7               0.13
00010    2006	92.56               0.85
00010    2008	54.45               0.56
