00001    1901	93.17               0.85
00001    1903	97.11               0.95
00001    1905	46.0               0.76
00001    1907	37.98               0.74
00001    1909	87.91               0.92
00001    1910	58.05               0.75
00001    1912	-6.73               0.05
00001    1914	82.36               0.01
00001    1916	20.5               0.73
00001    1918	76.3               0.94
00001    1921	56.99               0.63
00001    1923	69.54               0.9
00001    1925	84.74               0.92
00001    1927	-7.48               0.94
00001    1929	53.89               0.97
00001    1930	94.94               0.57
00001    1932	55.94               0.98
00001    1934	86.49               0.72
00001    1936	96.39               0.93
00001    1938	46.37               0.48
00001    1941	96.91               0.77
00001    1943	83.46               0.98
00001    1945	95.61               0.9
00001    1947	-39.47               0.94
00001    1949	86.94               0.96
00001    1950	96.25               0.99
00001    1952	8.51               0.7
00001    1954	95.63               0.89
00001    1956	75.89               0.76
00001    1958	89.37               0.76
00001    1961	98.88               0.88
00001    1963	93.07               0.99
00001    1965	63.82               0.8
00001    1967	78.4               0.87
00001    1969	44.2               0.91
00001    1970	87.5               0.95
00001    1972	87.55               0.67
00001    1974	39.15               0.92
00001    1976	79.42               0.97
00001    1978	86.35               0.31
00001    1981	68.83               0.96
00001    1983	79.39               0.91
00001    1985	62.01               0.71
00001    1987	23.65               0.98
00001    1989	93.81               0.7
00001    1990	74.37               0.78
00001    1992	78.87               0.89
00001    1994	89.72               0.72
00001    1996	97.14               0.94
00001    1998	33.45               0.95
00001    2001	-37.1               0.38
00001    2003	84.65               0.96
00001    2005	76.2               0.74
00001    2007	50.02               0.69
00001    2009	84.69               0.99
00003    1903	11.39               0.94
00003    1905	91.44               0.77
00003    1907	99.6               0.35
00003    1910	2.54               0.7
00003    1912	89.52               0.84
00003    1914	83.95               0.34
00003    1916	44.17               0.85
00003    1918	94.5               0.94
00003    1921	96.5               0.7
00003    1923	-33.54               0.31
00003    1927	73.74               0.48
00003    1929	41.25               0.49
00003    1930	90.98               0.76
00003    1932	99.38               0.79
00003    1934	63.28               0.43
00003    1936	76.05               0.96
00003    1938	-5.98               0.62
00003    1941	98.65               0.65
00003    1943	-17.85               0.67
00003    1945	95.04               0.98
00003    1947	31.4               0.42
00003    1949	82.71               0.84
00003    1950	56.05               0.23
00003    1952	61.66               0.88
00003    1954	40.74               0.37
00003    1956	67.97               0.9
00003    1958	26.9               0.21
00003    1961	63.72               0.18
00003    1963	70.21               0.88
00003    1965	17.58               0.88
00003    1967	68.48               0.97
00003    1969	83.31               0.95
00003    1970	80.06               0.73
00003    1972	91.76               0.8
00003    1976	90.92               0.79
00003    1978	38.84               0.73
00003    1981	93.29               0.99
00003    1983	48.09               0.66
00003    1987	96.78               0.89
00003    1989	86.44               0.87
00003    1990	97.58               0.81
00003    1992	87.64               0.55
00003    1994	97.8               0.69
00003    1996	85.96               0.99
00003    1998	-11.6               0.95
00003    2001	80.32               0.37
00003    2003	5.21               0.46
00003    2005	93.26               0.79
00003    2007	-39.22               0.16
00003    2009	99.63               0.79
00004    1900	77.85               0.74
00004    1902	83.82               0.95
00004    1904	74.62               0.88
00004    1906	74.48               0.99
00004    1911	45.21               0.8
00004    1913	79.74               0.67
00004    1915	41.75               0.3
00004    1917	58.14               0.94
00004    1919	79.47               0.52
00004    1920	33.91               0.97
00004    1922	62.4               0.66
00004    1924	47.79               0.62
00004    1926	87.56               0.32
00004    1928	98.81               0.59
00004    1931	80.85               0.95
00004    1935	79.1               0.78
00004    1937	80.14               0.99
00004    1939	95.72               0.85
00004    1940	36.37               0.13
00004    1942	-15.83               0.13
00004    1944	76.48               0.96
00004    1946	59.78               0.94
00004    1948	97.83               0.65
00004    1951	92.67               0.74
00004    1953	98.97               0.93
00004    1955	83.57               0.85
00004    1957	47.56               0.55
00004    1959	75.73               0.83
00004    1960	-18.14               0.45
00004    1962	76.76               0.59
00004    1964	37.44               0.76
00004    1966	49.82               0.54
00004    1968	55.37               0.88
00004    1971	95.88               0.71
00004    1973	40.31               0.0
00004    1975	52.8               0.78
00004    1979	27.64               0.55
00004    1980	76.92               0.39
00004    1982	56.5               0.34
00004    1986	79.05               0.4
00004    1988	-8.56               0.79
00004    1991	95.89               0.71
00004    1993	47.15               0.91
00004    1995	71.71               0.62
00004    1997	63.21               0.9
00004    1999	75.89               0.7
00004    2002	74.05               0.93
00004    2004	-34.79               0.39
00004    2006	98.67               0.81
00004    2008	59.1               0.97
00005    1901	75.09               0.95
00005    1903	99.75               0.75
00005    1905	83.92               0.85
00005    1907	98.65               0.99
00005    1909	88.6               0.83
00005    1910	86.7               0.81
00005    1912	70.26               0.93
00005    1914	93.29               0.98
00005    1916	93.77               0.63
00005    1918	94.49               0.99
00005    1921	93.07               0.75
00005    1923	88.49               0.93
00005    1925	77.93               0.86
00005    1927	94.07               0.88
00005    1929	47.99               0.67
00005    1930	67.66               0.92
00005    1932	58.1               0.73
00005    1934	83.84               0.61
00005    1936	93.94               0.85
00005    1938	90.42               0.84
00005    1941	61.45               0.98
00005    1943	70.88               0.69
00005    1945	63.4               0.99
00005    1947	86.31               0.96
00005    1949	76.86               0.85
00005    1950	59.31               0.86
00005    1952	94.76               0.98
00005    1954	96.9               0.87
00005    1956	71.83               0.87
00005    1958	82.03               0.79
00005    1961	88.33               0.75
00005    1963	90.39               0.93
00005    1965	77.55               0.96
00005    1967	78.47               0.89
00005    1969	82.91               0.94
00005    1970	80.89               0.91
00005    1972	83.17               0.99
00005    1974	57.15               0.81
00005    1976	99.3               0.87
00005    1978	93.81               0.71
00005    1981	94.88               0.82
00005    1983	81.01               0.87
00005    1985	96.89               0.78
00005    1987	72.5               0.79
00005    1989	57.09               0.84
00005    1990	94.89               0.47
00005    1992	92.5               0.55
00005    1994	98.0               0.86
00005    1996	73.78               0.93
00005    1998	82.57               0.98
00005    2001	55.1               0.89
00005    2003	91.23               0.95
00005    2005	63.21               0.64
00005    2007	75.1               0.76
00005    2009	48.61               0.77
00006    1900	38.3               0.9
00006    1902	93.75               0.81
00006    1904	63.37               0.81
00006    1906	44.2               0.64
00006    1908	87.11               0.86
00006    1911	86.83               0.92
00006    1913	60.74               0.87
00006    1915	73.69               0.91
00006    1917	60.16               0.92
00006    1919	87.3               0.99
00006    1920	86.62               0.74
00006    1922	72.59               1.0
00006    1924	86.04               0.89
00006    1926	97.59               0.98
00006    1928	89.16               0.72
00006    1931	52.78               0.83
00006    1933	82.85               0.72
00006    1935	81.65               0.63
00006    1937	86.69               0.86
00006    1939	82.6               0.68
00006    1940	63.11               0.81
00006    1942	87.96               0.99
00006    1944	83.36               0.91
00006    1946	93.37               0.98
00006    1948	39.59               0.85
00006    1951	95.91               0.87
00006    1953	96.92               0.78
00006    1955	74.19               0.91
00006    1957	98.53               0.81
00006    1959	91.12               1.0
00006    1960	66.88               0.99
00006    1962	70.53               0.81
00006    1964	32.08               0.63
00006    1966	39.84               0.69
00006    1968	44.29               0.93
00006    1971	73.79               0.93
00006    1973	98.82               0.62
00006    1975	44.35               0.68
00006    1977	91.53               0.65
00006    1979	65.18               0.99
00006    1980	91.66               0.84
00006    1982	94.34               0.95
00006    1984	97.89               0.9
00006    1986	94.33               0.65
00006    1988	89.72               0.99
00006    1991	91.81               0.94
00006    1993	96.13               0.7
00006    1995	91.52               0.91
00006    1997	81.29               0.89
00006    1999	73.95               0.83
00006    2000	78.08               0.87
00006    2002	89.51               0.95
00006    2004	93.97               0.84
00006    2006	76.56               0.88
00006    2008	92.73               0.73
00007    1901	99.44               0.56
00007    1903	51.14               0.99
00007    1905	91.43               0.94
00007    1907	97.53               0.33
00007    1909	19.05               0.73
00007    1910	-4.51               0.9
00007    1912	84.66               0.61
00007    1914	46.9               0.63
00007    1916	83.44               0.73
00007    1918	97.79               0.96
00007    1921	-36.27               0.66
00007    1923	95.54               0.87
00007    1925	97.8               0.33
00007    1927	71.11               0.5
00007    1929	72.76               0.47
00007    1930	36.06               0.86
00007    1932	-4.27               0.65
00007    1934	88.91               0.8
00007    1936	-8.23               0.82
00007    1938	85.39               0.77
00007    1941	70.92               0.92
00007    1943	90.72               0.92
00007    1945	90.87               0.84
00007    1947	95.4               0.87
00007    1949	15.83               0.88
00007    1950	37.89               0.97
00007    1952	65.44               0.14
00007    1954	80.46               0.86
00007    1956	74.83               0.81
00007    1958	95.01               0.8
00007    1961	56.05               0.99
00007    1963	39.11               0.88
00007    1965	97.07               0.63
00007    1967	65.08               0.97
00007    1969	83.2               0.85
00007    1970	99.6               0.8
00007    1972	93.08               0.76
00007    1974	93.27               0.84
00007    1976	95.01               0.77
00007    1978	-11.34               0.01
00007    1981	94.78               0.73
00007    1983	97.12               0.65
00007    1985	46.82               0.63
00007    1987	51.12               0.8
00007    1989	99.52               0.95
00007    1990	43.99               0.05
00007    1992	55.4               0.79
00007    1994	59.22               0.77
00007    1996	61.26               0.63
00007    1998	66.47               0.93
00007    2001	96.35               0.81
00007    2003	88.08               0.24
00007    2005	37.08               0.73
00007    2007	31.92               0.66
00007    2009	92.69               0.81
00008    1900	93.15               0.85
00008    1902	95.15               0.61
00008    1904	97.88               0.89
00008    1906	45.78               0.95
00008    1908	53.5               0.92
00008    1911	98.68               0.95
00008    1913	97.34               0.97
00008    1915	98.32               0.63
00008    1917	55.47               0.92
00008    1919	87.56               0.87
00008    1920	93.7               0.76
00008    1922	78.85               0.83
00008    1924	60.42               0.55
00008    1926	94.92               0.82
00008    1928	93.48               0.98
00008    1931	92.31               0.88
00008    1933	70.48               0.91
00008    1935	57.44               0.94
00008    1937	68.55               0.93
00008    1939	77.66               0.95
00008    1940	31.83               0.54
00008    1942	15.33               0.89
00008    1944	95.18               0.76
00008    1946	73.61               0.7
00008    1948	92.54               0.74
00008    1951	55.26               0.79
00008    1953	95.47               0.86
00008    1955	89.83               0.67
00008    1957	78.01               0.94
00008    1959	96.16               0.85
00008    1960	76.48               0.83
00008    1962	67.32               0.68
00008    1964	70.05               0.87
00008    1966	32.48               0.72
00008    1968	76.03               0.52
00008    1971	99.12               0.96
00008    1973	42.24               0.49
00008    1975	92.01               0.5
00008    1977	28.18               0.98
00008    1979	44.13               0.55
00008    1980	-6.2               0.96
00008    1982	87.4               0.96
00008    1984	75.24               0.95
00008    1986	32.98               0.62
00008    1988	77.75               0.79
00008    1991	95.02               0.96
00008    1993	94.53               0.9
00008    1995	85.69               0.82
00008    1997	91.73               0.97
00008    1999	83.5               0.97
00008    2000	22.11               0.78
00008    2002	99.26               0.95
00008    2004	88.98               0.85
00008    2006	77.61               0.88
00008    2008	97.17               1.0
00009    1901	81.4               0.99
00009    1903	76.28               0.93
00009    1905	96.99               1.0
00009    1907	79.3               0.97
00009    1909	98.27               0.98
00009    1910	87.91               0.85
00009    1912	89.31               0.99
00009    1914	85.03               0.91
00009    1916	96.97               0.96
00009    1918	99.29               0.97
00009    1921	75.33               0.89
00009    1923	94.64               0.99
00009    1925	97.73               0.95
00009    1927	89.54               0.99
00009    1929	93.41               0.94
00009    1930	76.09               0.91
00009    1932	37.56               0.92
00009    1934	70.76               0.95
00009    1936	92.14               0.98
00009    1938	80.34               0.97
00009    1941	99.07               0.95
00009    1943	95.68               0.93
00009    1945	93.93               0.98
00009    1947	75.38               0.97
00009    1949	90.73               0.87
00009    1950	97.69               0.93
00009    1952	84.16               0.99
00009    1954	33.58               0.9
00009    1956	97.82               0.88
00009    1958	92.47               0.95
00009    1961	95.05               0.98
00009    1963	96.8               0.94
00009    1965	95.32               0.94
00009    1967	98.19               0.95
00009    1969	81.45               0.91
00009    1970	84.99               0.96
00009    1972	71.62               0.98
00009    1974	97.33               0.96
00009    1976	88.43               1.0
00009    1978	71.99               0.64
00009    1981	85.73               0.9
00009    1983	88.85               0.94
00009    1985	99.89               0.98
00009    1987	91.16               0.91
00009    1989	89.01               0.89
00009    1990	99.98               0.99
00009    1992	98.15               0.98
00009    1994	96.02               0.98
00009    1996	95.94               0.99
00009    1998	88.23               0.93
00009    2001	14.15               0.7
00009    2003	98.65               0.98
00009    2005	97.88               0.88
00009    2007	98.39               0.88
00009    2009	70.39               0.87
00010    1901	92.89               0.92
00010    1903	80.59               0.97
00010    1905	-37.02               0.19
00010    1907	89.78               0.07
00010    1909	-8.82               0.37
00010    1910	62.47               0.34
00010    1912	92.07               0.96
00010    1914	96.65               0.49
00010    1918	81.47               0.8
00010    1921	33.45               0.88
00010    1923	26.55               0.23
00010    1925	1.12               0.94
00010    1929	93.5               0.91
00010    1930	52.24               0.49
00010    1932	30.02               0.6
00010    1934	26.68               0.7
00010    1936	31.4               0.59
00010    1938	83.56               0.94
00010    1941	-12.7               0.21
00010    1943	94.45               0.97
00010    1945	29.41               0.71
00010    1947	72.88               0.8
00010    1949	70.42               0.21
00010    1950	4.8               0.52
00010    1952	94.14               0.86
00010    1954	16.47               0.45
00010    1956	-10.69               0.97
00010    1958	59.36               0.44
00010    1961	99.33               0.35
00010    1963	66.42               0.97
00010    1965	72.18               0.58
00010    1967	46.58               0.66
00010    1969	17.76               0.1
00010    1970	92.56               0.82
00010    1972	-7.4               0.29
00010    1974	13.83               0.54
00010    1976	68.0               0.15
00010    1978	95.62               0.55
00010    1981	68.18               0.85
00010    1983	87.41               0.98
00010    1985	77.3               0.46
00010    1987	68.65               0.94
00010    1989	6.59               0.2
00010    1990	57.96               0.72
00010    1992	24.01               0.1
00010    1994	54.88               0.88
00010    1998	45.87               0.49
00010    2001	74.78               0.99
00010    2003	91.62               0.88
00010    2005	62.93               0.86
00010    2007	22.72               0.95
00010    2009	88.17               0.41
